ID,CWND1,CWND2,CWND3,CWND4,CWND5,linkB1,linkB2,linkB3,linkB4,linkB5,linkDelay1,linkDelay2,linkDelay3,linkDelay4,linkDelay5,Server_Selected
iR1AmNg7iD,3072,8192,12288,16384,17408,5,4,3,1,2,12,75,148,156,200,1
JBj6soQ31j,4096,6144,12288,16384,17408,5,4,4,2,1,2,68,146,179,203,1
s0xhkWal5D,2048,8192,10240,14336,18432,5,4,3,2,1,34,91,115,157,200,1
W0nIS34nWZ,2048,8192,10240,15360,17408,5,3,4,1,2,19,50,143,191,227,1
zZRwygDuZ0,3072,9216,12288,14336,18432,5,4,3,2,2,47,91,134,195,218,1
hIC3kfbIIO,3072,7168,12288,16384,18432,5,3,4,2,1,13,63,100,165,225,1
FnSDp2Y5Wu,3072,6144,13312,16384,17408,5,4,4,1,2,44,89,114,181,226,1
1P7QkxiEpg,4096,9216,11264,16384,18432,5,3,3,1,1,41,72,115,155,232,1
Z3IKPabQ8m,4096,9216,12288,15360,18432,5,3,3,1,1,1,76,131,162,225,1
T90scHRkQS,2048,9216,13312,14336,17408,5,4,4,2,2,37,69,111,160,244,1
fzpvzOt3GK,4096,5120,13312,16384,18432,5,4,4,2,1,28,85,115,196,223,1
O4ybcV3ekR,0,5120,10240,14336,17408,5,3,3,2,1,47,95,104,188,234,1
mSjiQ5CzDV,1024,6144,12288,16384,17408,5,3,3,2,1,2,56,125,186,207,1
C6GGAAllwc,4096,5120,10240,14336,18432,5,4,4,2,1,27,50,103,167,217,1
MQ5wvmFjrr,4096,7168,11264,14336,17408,5,3,3,1,2,27,96,119,166,230,1
8AaBnx8gYN,0,8192,11264,16384,17408,5,4,3,2,1,17,55,107,181,216,1
HibAu0jfEY,3072,7168,13312,14336,17408,5,3,3,2,1,28,90,102,154,214,1
KaYd0BKyb2,4096,5120,13312,14336,17408,5,3,3,2,2,46,94,147,161,244,1
stofAGzuy3,1024,9216,10240,16384,18432,5,4,3,1,2,8,78,137,192,234,1
D5Fwa2PL51,1024,9216,12288,14336,18432,5,4,3,2,1,41,70,127,159,250,1
XP9W87MuG2,1024,6144,12288,14336,18432,5,3,3,2,1,39,99,147,160,238,1
G6yvB9lwrg,1024,9216,12288,14336,17408,5,4,3,2,1,23,87,147,181,235,1
snWy3HUy5C,4096,8192,13312,15360,18432,5,4,3,2,1,6,66,144,167,212,1
TGADejpOCH,1024,6144,11264,14336,17408,5,4,4,2,2,28,62,117,190,209,1
Zqv1JRRN3i,4096,9216,10240,15360,17408,5,3,4,2,1,21,95,107,192,246,1
spiVHnm3BK,2048,7168,11264,14336,17408,5,3,3,2,1,6,67,144,194,217,1
DbAuHmuKzW,4096,6144,12288,15360,17408,5,3,3,1,2,12,90,137,174,241,1
oGMDtBWiRL,3072,8192,10240,14336,17408,5,4,3,1,1,16,52,117,188,239,1
YRkIF2tGP5,1024,8192,13312,16384,18432,5,4,4,2,1,20,50,101,166,221,1
16z7pwAz1k,3072,8192,10240,16384,17408,5,4,4,1,1,29,50,120,156,231,1
pyk6cd6k0s,1024,6144,10240,15360,17408,5,4,4,1,2,8,70,113,166,229,1
MwAX9WL5Aa,1024,5120,11264,16384,18432,5,3,4,1,1,0,88,136,175,209,1
QoBDHJT8GO,3072,7168,11264,15360,18432,5,3,3,2,2,22,80,138,176,227,1
BYhDghtdhV,3072,5120,13312,16384,17408,5,3,3,1,1,36,72,122,172,203,1
7AVg4aXHqj,0,8192,13312,16384,17408,5,4,4,1,1,41,81,119,172,210,1
lVtt9vvP4b,3072,6144,13312,15360,17408,5,3,4,1,2,10,67,134,191,217,1
9pISZOVYuo,1024,5120,12288,14336,18432,5,4,4,2,1,29,62,144,173,228,1
MsPNdjicqC,2048,7168,10240,14336,17408,5,3,3,2,1,19,87,119,173,235,1
8lV5JPdynr,4096,6144,10240,15360,18432,5,4,4,2,2,26,91,119,178,236,1
efSpQyiQAu,1024,9216,12288,16384,17408,5,4,4,1,1,6,77,147,181,216,1
urQ5onzcLT,2048,7168,11264,14336,18432,5,3,4,1,1,26,97,148,192,236,1
xGPqG06xDl,2048,5120,13312,15360,17408,5,4,3,2,2,38,98,135,198,235,1
Zx4qBW2NzW,4096,6144,10240,15360,18432,5,4,3,1,1,11,86,105,167,227,1
IFaIZ9x3j6,4096,7168,12288,15360,17408,5,4,4,2,2,3,74,142,199,232,1
ywYwFlNnut,1024,9216,11264,16384,18432,5,3,4,2,2,31,69,111,150,205,1
kDwzUSMFDd,2048,5120,11264,15360,18432,5,3,3,1,2,47,96,108,178,231,1
mBIjefzJk6,2048,7168,13312,14336,17408,5,4,3,2,1,23,60,142,188,236,1
hgvCsLKMnz,4096,9216,10240,15360,17408,5,4,3,1,2,12,76,148,191,209,1
RfwQhVRw8H,4096,8192,10240,16384,17408,5,3,3,2,2,36,52,118,195,247,1
oLpTdUww0C,4096,5120,11264,15360,18432,5,4,3,1,1,19,81,146,196,245,1
t5ALbg6ayv,1024,5120,10240,16384,17408,5,3,4,1,1,41,51,125,161,215,1
Zq3SO8mK1P,2048,7168,11264,15360,17408,5,4,4,1,1,13,68,148,158,238,1
ymRiIWk5T9,8192,3072,13312,14336,18432,3,5,4,1,1,97,26,134,165,223,2
NOhBCJJECu,5120,3072,10240,16384,18432,4,5,4,2,2,65,43,122,163,222,2
FjejbpG5WH,6144,3072,12288,14336,17408,4,5,4,1,2,82,45,102,168,225,2
uVH8OXktGo,9216,1024,12288,14336,18432,3,5,3,1,2,57,40,116,190,249,2
9s50FgIL6g,5120,0,13312,15360,18432,4,5,4,1,2,83,6,104,179,208,2
DZh15wmFWt,6144,0,13312,15360,18432,3,5,3,1,2,63,7,145,171,226,2
Jff7kEb6kC,8192,2048,11264,14336,18432,3,5,3,2,2,58,15,103,190,220,2
UOXP0teLzz,9216,1024,11264,14336,18432,3,5,3,1,2,75,31,126,166,239,2
86nDFTUlLV,6144,3072,10240,14336,17408,3,5,3,1,1,84,21,115,176,224,2
F5oQYKRcRZ,5120,1024,11264,16384,18432,4,5,3,2,1,78,17,128,175,219,2
5wFuw1TI7Y,7168,4096,12288,15360,18432,3,5,4,2,1,76,43,109,182,235,2
QknMrUjfHa,6144,2048,13312,15360,17408,3,5,3,2,2,58,28,146,168,241,2
adqUGl20MN,6144,3072,11264,14336,18432,4,5,4,1,1,70,1,116,173,210,2
TjLZrcXCMV,6144,1024,11264,16384,17408,4,5,3,1,2,77,6,135,196,242,2
iFuXrhEbZT,8192,0,13312,15360,17408,3,5,4,1,2,64,35,138,166,247,2
bHhmfzeJzn,6144,4096,11264,16384,17408,3,5,3,1,1,81,19,149,185,210,2
crhFpf5Ptj,6144,4096,13312,16384,18432,3,5,4,1,2,82,21,142,170,209,2
aOqhHINDlE,7168,2048,10240,15360,17408,3,5,4,2,1,80,39,130,167,221,2
SKYEPlwNID,6144,2048,10240,14336,18432,4,5,4,2,1,84,1,127,177,230,2
mjoWLTf32H,5120,2048,11264,15360,18432,3,5,3,1,2,86,24,125,188,236,2
G3oumoTsTK,6144,1024,11264,16384,17408,4,5,3,2,2,82,15,141,196,208,2
Iv49861P30,7168,1024,10240,14336,18432,3,5,4,1,1,71,45,145,182,230,2
gLypFKR224,8192,2048,12288,16384,17408,3,5,4,2,2,62,47,128,192,248,2
RxInGCQy1h,6144,1024,11264,14336,18432,3,5,4,2,1,80,9,136,189,211,2
8Fz8YOJIxb,5120,2048,13312,15360,17408,4,5,4,1,1,83,28,125,156,223,2
64doQYFswt,9216,4096,10240,16384,18432,4,5,3,1,2,94,49,122,161,210,2
qbwEbPhDXg,7168,0,12288,16384,17408,4,5,4,1,2,50,11,144,164,239,2
wLHmQeKyIm,9216,2048,11264,16384,17408,3,5,3,2,2,98,32,107,185,234,2
eguesPKjJm,6144,2048,10240,14336,17408,4,5,4,1,2,80,9,127,167,211,2
D2MYQYV29q,8192,4096,12288,16384,18432,4,5,4,1,1,95,20,129,188,215,2
GvQid1dsUn,6144,3072,11264,15360,18432,3,5,4,1,2,91,33,127,166,213,2
hgIolEFkDO,5120,0,12288,14336,18432,3,5,4,1,1,91,9,148,151,222,2
9f7tNWgZKH,6144,3072,11264,16384,17408,4,5,4,2,2,77,17,112,157,203,2
OZtCVdtbJD,5120,0,10240,14336,17408,3,5,4,2,2,79,24,100,182,246,2
29ZOlFvhWp,9216,0,11264,15360,17408,3,5,4,2,1,91,24,113,178,228,2
7KOXTSesqZ,5120,3072,11264,16384,17408,4,5,4,2,1,85,40,106,197,235,2
RVkZbUX0Sh,9216,3072,12288,15360,18432,3,5,3,2,1,89,1,102,162,243,2
fX02vCfKQB,8192,0,12288,15360,18432,4,5,4,2,2,96,48,100,156,221,2
zoH4xpdMHG,9216,0,12288,15360,18432,4,5,3,2,2,59,48,113,153,233,2
4smO4JZWM6,8192,0,11264,15360,17408,4,5,4,2,1,84,12,146,177,233,2
haDUOvSVGl,5120,4096,12288,14336,18432,4,5,4,2,1,90,36,103,192,242,2
kVfI6UCOof,9216,3072,13312,15360,18432,3,5,4,1,1,63,21,123,184,235,2
iEBEDqam65,7168,3072,10240,14336,17408,4,5,4,1,1,92,15,142,183,246,2
5suDf6FNU1,9216,3072,11264,15360,18432,3,5,3,1,1,60,45,123,187,225,2
GLm1IKoJa4,7168,4096,10240,16384,17408,4,5,3,2,2,64,23,133,167,229,2
POBBERMUm4,6144,2048,11264,15360,18432,3,5,4,1,1,84,23,115,162,211,2
0rJaEohfbQ,6144,4096,10240,14336,17408,3,5,4,2,1,77,26,108,194,204,2
8kdJyoXJQJ,6144,3072,12288,15360,17408,4,5,3,2,2,75,26,130,191,201,2
1BPBzzdOfY,18432,11264,1024,13312,18432,1,3,5,4,1,222,129,15,150,227,3
YQIBm2VpdZ,17408,9216,0,12288,17408,2,4,5,4,1,239,147,34,133,249,3
w1AnDjFuCn,18432,9216,4096,10240,17408,1,3,5,4,2,224,148,31,135,241,3
yxMuezBnOx,17408,10240,2048,10240,18432,1,4,5,4,1,244,103,37,107,239,3
jm1dEaNEI9,18432,10240,4096,11264,17408,1,4,5,3,1,247,137,21,101,213,3
Qq3tqE3228,18432,9216,3072,11264,17408,2,3,5,4,1,218,102,21,102,229,3
BrV7dt5EdV,17408,12288,0,11264,17408,1,3,5,3,2,243,149,34,114,246,3
3GMVnCuSpI,18432,10240,4096,9216,17408,1,4,5,3,2,202,111,39,108,246,3
byiYBjp0L7,18432,10240,1024,9216,17408,2,3,5,4,1,248,143,39,141,223,3
8dZ86FhY8h,17408,13312,0,12288,17408,2,3,5,4,2,215,140,27,132,209,3
4fodNTHu0i,17408,9216,1024,10240,17408,1,3,5,3,1,204,118,15,114,202,3
5ChDueOcXc,18432,9216,1024,11264,17408,1,4,5,4,2,232,120,2,117,211,3
LQ29eWWwXQ,18432,9216,4096,13312,17408,1,3,5,3,2,210,100,45,144,246,3
dyqePIwfss,17408,9216,2048,11264,18432,2,3,5,3,2,202,111,16,136,203,3
jFoT52WtEr,17408,11264,0,13312,18432,1,4,5,3,2,220,101,14,148,234,3
rIYqk5S5kz,18432,12288,4096,9216,18432,2,4,5,3,1,233,125,27,104,220,3
ZFA3K22Tat,18432,11264,3072,12288,17408,1,3,5,3,1,248,131,12,130,236,3
umf8yaqnmc,17408,12288,0,10240,18432,2,4,5,4,2,232,145,34,112,243,3
IgTsrIzphu,17408,10240,4096,9216,17408,1,3,5,4,2,218,149,18,137,200,3
4cyVT5CxDo,18432,11264,3072,9216,18432,2,4,5,3,1,250,105,9,123,212,3
aUfSJBlLWD,17408,9216,3072,11264,18432,2,3,5,4,1,221,118,1,103,225,3
503iqexjjv,17408,11264,3072,12288,17408,1,3,5,3,1,226,108,41,131,206,3
Umlax2TEEH,18432,10240,4096,12288,17408,2,3,5,3,1,202,140,29,127,245,3
UHIkRpTQHt,18432,13312,3072,11264,18432,1,3,5,4,2,225,102,29,134,216,3
B0nRjI7N5h,18432,12288,4096,12288,17408,1,3,5,4,1,237,133,38,108,238,3
IPRsquTYpC,17408,12288,4096,9216,18432,2,4,5,3,2,250,134,13,131,215,3
Jr8HoQtgNb,18432,9216,2048,9216,17408,2,3,5,4,2,214,129,12,133,244,3
TiEfETeDLT,17408,10240,1024,12288,18432,1,4,5,3,1,227,104,25,143,206,3
sb4DU8xCXy,18432,10240,3072,10240,18432,2,4,5,3,2,212,136,13,101,200,3
CXxfWGlynR,18432,13312,0,12288,17408,1,3,5,3,2,234,126,35,135,241,3
hsXn2RmiFf,18432,11264,0,11264,18432,2,4,5,4,1,214,123,0,137,211,3
NW3Dj7s6PB,18432,9216,1024,9216,17408,1,4,5,3,2,248,148,26,124,238,3
i4p4gxuVoT,17408,9216,3072,13312,17408,2,4,5,4,2,215,110,19,132,225,3
XhuXHLUUWz,17408,10240,3072,12288,18432,1,4,5,3,1,231,130,32,127,245,3
0MLaN60jG1,17408,11264,3072,10240,18432,2,4,5,3,2,200,125,30,112,208,3
K87sFgs31P,18432,11264,1024,11264,18432,1,4,5,3,1,232,123,24,104,225,3
VABkwiFX9J,18432,13312,2048,13312,17408,2,3,5,4,2,236,126,44,102,214,3
UeDjIgRv0I,18432,12288,1024,13312,18432,2,4,5,3,1,247,104,8,117,222,3
Gkx6W7kuOd,18432,11264,0,13312,18432,2,3,5,3,2,228,142,38,130,233,3
bne7T0gMCW,17408,12288,2048,10240,18432,2,4,5,3,2,202,134,36,123,242,3
VBiaIUoARG,18432,10240,4096,10240,18432,2,4,5,3,2,245,124,44,130,239,3
FD3uoTyCkd,18432,13312,4096,13312,17408,2,3,5,3,1,223,130,0,138,249,3
NBjN4xAMoK,18432,11264,2048,10240,17408,1,4,5,4,1,208,143,13,113,200,3
9we1GvDB3z,17408,13312,2048,9216,17408,1,3,5,4,1,230,111,3,141,226,3
XoQZCBP5fl,18432,11264,0,11264,17408,1,4,5,4,2,232,132,26,121,240,3
9U4PJqg1Tt,17408,12288,2048,10240,18432,1,3,5,4,1,218,141,23,132,225,3
OU8yGPnoCp,18432,12288,0,10240,17408,1,4,5,4,1,250,102,13,138,231,3
W3xcJt0b0M,18432,10240,4096,10240,18432,2,4,5,3,2,236,111,3,145,202,3
sMaqs9mxYP,17408,12288,3072,12288,18432,1,3,5,3,2,200,104,45,124,230,3
FtyCE7bHw3,17408,9216,2048,13312,17408,1,4,5,4,2,212,135,4,146,229,3
8DLVfnGGk6,17408,12288,9216,2048,7168,1,2,4,5,4,159,103,87,44,84,4
szQUQGg8WW,17408,13312,6144,3072,9216,1,2,4,5,3,162,127,67,28,64,4
pApgncpGI8,17408,11264,5120,3072,8192,2,2,4,5,3,156,104,66,23,93,4
0atol9o0fk,18432,11264,7168,5120,9216,2,1,3,5,4,180,149,84,36,89,4
iesFg7CJuP,18432,13312,9216,0,9216,1,2,4,5,3,170,102,72,18,79,4
q4xDxYFtrn,17408,10240,7168,3072,8192,1,1,3,5,4,189,104,64,32,76,4
ZSjK59H070,18432,11264,6144,1024,9216,2,1,4,5,3,156,142,70,27,69,4
U31Og9VeHB,18432,12288,8192,2048,7168,1,1,4,5,4,177,137,58,21,66,4
qU2ewappHP,17408,13312,8192,0,6144,1,2,4,5,3,151,110,55,30,52,4
9OoRyEKfDs,17408,11264,9216,0,9216,2,2,3,5,3,156,134,73,23,73,4
iy0x1Wj3Rs,17408,11264,5120,5120,7168,1,1,4,5,4,182,121,58,12,83,4
SgwM9WPjVk,18432,11264,6144,3072,7168,2,2,3,5,4,182,115,57,33,54,4
k2lyWhdFPE,18432,10240,5120,5120,8192,2,1,4,5,3,176,137,58,20,87,4
gmiUpi16fP,17408,11264,8192,0,8192,2,2,3,5,3,165,108,84,32,68,4
bOVAFQC9jk,18432,13312,7168,3072,8192,1,1,4,5,4,197,117,52,17,56,4
pB3WCwb7En,18432,13312,6144,3072,9216,2,1,3,5,3,198,118,56,6,59,4
xioxOsQIVW,17408,13312,7168,5120,6144,2,2,4,5,3,169,130,70,18,67,4
Diha24ze5M,18432,11264,5120,0,6144,2,1,3,5,4,186,138,70,31,87,4
0XXIVKweoE,18432,10240,7168,5120,9216,1,1,4,5,3,177,143,90,18,86,4
Y7tGzpTDZQ,17408,10240,7168,0,8192,1,1,3,5,3,176,108,96,3,51,4
GXs27uled7,18432,10240,5120,4096,9216,2,2,3,5,3,171,146,83,24,61,4
HyY9BmAKqh,18432,13312,8192,3072,5120,1,2,3,5,3,192,109,92,27,59,4
vupDzXKKgD,17408,12288,6144,4096,5120,1,2,3,5,3,152,114,56,47,58,4
iE2R6koahv,17408,10240,8192,1024,9216,1,2,4,5,3,169,110,81,35,74,4
iP7p9ce3t9,17408,13312,9216,5120,5120,1,2,4,5,4,196,100,52,39,64,4
kZGooaZjeD,18432,13312,8192,3072,6144,1,1,4,5,3,191,146,61,10,84,4
dsZGiK03SG,17408,10240,6144,2048,6144,2,2,4,5,3,181,138,87,39,66,4
JmcHMJYeT9,18432,13312,5120,3072,8192,2,2,4,5,3,188,125,73,27,50,4
pLNzipvSj1,18432,12288,7168,1024,7168,1,1,4,5,4,199,134,77,21,82,4
sCRdAYl0VG,18432,10240,5120,3072,5120,2,2,4,5,3,174,130,53,16,92,4
ftfgz1nPxj,17408,11264,5120,3072,7168,1,2,4,5,3,190,122,90,43,76,4
xJ61zSyFkw,18432,13312,7168,0,8192,2,2,3,5,4,163,120,69,18,83,4
QVSY4pmRdp,17408,13312,8192,5120,8192,2,1,3,5,3,171,123,66,12,73,4
Wo0AAgogUl,18432,10240,9216,5120,8192,2,1,3,5,3,194,139,77,24,99,4
JvE6xW5kYh,18432,13312,5120,2048,8192,2,2,3,5,4,175,133,97,10,60,4
wDkvZzCzkP,18432,10240,5120,4096,6144,2,2,3,5,3,177,111,74,8,74,4
mK1kg2O2wy,17408,13312,7168,3072,5120,2,2,3,5,3,187,116,74,35,80,4
OqcvYDnLBA,18432,10240,5120,4096,8192,2,2,4,5,4,184,140,75,17,80,4
2o9BRfVOpu,17408,12288,8192,0,7168,2,1,3,5,3,189,118,66,1,85,4
F1lu2tngX4,17408,13312,9216,4096,7168,1,2,3,5,3,196,123,62,34,62,4
RCianFpmGP,17408,10240,5120,2048,5120,2,2,3,5,3,162,146,53,38,74,4
NgnsGE2qKs,18432,12288,5120,5120,7168,2,1,3,5,4,151,131,83,41,70,4
xpuZS6vbtP,18432,10240,8192,3072,9216,2,2,4,5,3,198,145,62,8,71,4
ZUQ61BeHrs,18432,13312,9216,3072,9216,2,2,4,5,3,154,101,86,40,69,4
9sO2LTU4V8,18432,11264,9216,5120,8192,1,1,3,5,3,178,122,92,20,84,4
237l0dlKFD,17408,11264,6144,0,9216,2,2,3,5,3,163,139,95,28,82,4
wvrEE7QnWa,18432,13312,9216,4096,8192,1,2,3,5,3,189,123,81,22,97,4
oVJiAP633G,18432,13312,9216,2048,6144,1,2,3,5,4,192,122,92,18,90,4
ClA77AFcnp,17408,14336,13312,7168,3072,1,2,4,4,5,213,136,107,82,42,5
R0HOBODJWK,17408,16384,13312,8192,4096,1,2,3,4,5,226,100,108,66,8,5
wzzHIPNSMj,17408,16384,10240,9216,2048,1,2,4,4,5,215,141,124,70,15,5
idm8fqVTX0,18432,14336,11264,8192,0,1,2,3,3,5,233,136,142,77,48,5
iqAPAckGiz,17408,16384,12288,9216,1024,2,2,4,4,5,201,106,102,69,39,5
Qoj95VmjcY,17408,16384,10240,7168,0,1,1,3,4,5,220,138,131,69,35,5
paYPLa31ca,17408,14336,10240,5120,3072,2,1,4,3,5,219,147,143,64,41,5
RHGLluCLqQ,17408,16384,12288,6144,4096,1,2,4,3,5,201,135,103,55,22,5
hSjhDGQrpm,17408,14336,11264,8192,1024,1,1,3,4,5,231,142,145,84,14,5
m0z3ylJdLl,18432,16384,13312,8192,0,2,2,4,4,5,233,125,126,86,21,5
XxeBHolJ81,18432,14336,10240,5120,4096,2,2,4,4,5,243,114,126,70,24,5
SxJoklqafM,18432,14336,11264,8192,4096,2,1,4,4,5,205,144,101,53,32,5
SwkerZVfkU,18432,14336,12288,7168,3072,1,1,3,4,5,235,126,135,53,23,5
NcHu9Saxq1,17408,15360,10240,9216,3072,2,1,3,3,5,212,132,130,98,16,5
nWlWW8l6gI,17408,14336,11264,5120,0,1,2,3,4,5,235,120,134,86,11,5
oHtJ5scm7u,18432,15360,11264,8192,3072,2,1,3,3,5,221,123,148,50,24,5
r1nIKzqFj9,17408,15360,10240,8192,0,1,2,4,3,5,226,135,127,86,32,5
fPkY41mE6K,18432,14336,11264,5120,2048,1,2,4,3,5,240,100,101,89,31,5
U8umDJGzvl,18432,15360,12288,7168,4096,2,2,3,3,5,243,107,107,97,20,5
ETdrGHyh1w,18432,15360,12288,7168,2048,1,1,4,4,5,240,147,142,76,43,5
xiAIlE4W6q,18432,15360,13312,7168,0,2,2,4,3,5,246,145,149,94,23,5
FTM029bwUn,18432,14336,11264,9216,4096,2,1,4,3,5,209,139,149,77,11,5
7NsAbKMa2i,18432,14336,12288,5120,2048,1,2,3,3,5,206,116,149,79,43,5
1k8ADDbdLE,17408,16384,11264,9216,2048,1,2,4,4,5,238,107,102,92,1,5
hrjHpNm4KA,18432,15360,11264,9216,3072,2,2,4,4,5,238,143,130,64,29,5
vJPHtTbUTB,18432,16384,11264,5120,0,2,2,3,3,5,229,127,129,64,35,5
7Wcn5ke55G,18432,14336,11264,8192,2048,1,1,4,4,5,238,139,120,94,7,5
untJjxQCoD,18432,16384,10240,7168,4096,1,2,4,3,5,205,126,120,84,16,5
l9j4oucPUv,17408,15360,11264,7168,1024,1,2,3,3,5,212,132,114,95,3,5
vqqz6DpQD7,17408,15360,10240,7168,0,2,1,3,4,5,201,131,140,94,49,5
9g8uhd1LqW,17408,14336,10240,9216,3072,2,2,3,4,5,232,126,132,67,44,5
q6kdWNWln3,18432,16384,11264,5120,3072,1,1,3,3,5,234,148,112,95,25,5
Ed07Rhq34L,18432,14336,10240,7168,1024,1,1,4,3,5,212,113,137,85,28,5
TDbRWmVCJ3,17408,15360,12288,7168,4096,2,2,3,4,5,247,130,145,82,30,5
8gDEQbwgGJ,17408,14336,11264,6144,1024,1,2,4,3,5,214,128,100,78,24,5
jc5HS0BgwR,18432,14336,10240,6144,1024,1,1,3,3,5,220,135,121,56,29,5
zP9KEaSq08,18432,14336,13312,5120,3072,1,1,4,3,5,223,140,119,88,32,5
D19zFNcIkE,17408,15360,13312,7168,3072,2,1,4,3,5,212,115,123,96,3,5
I2sLYGKC6Q,18432,14336,11264,9216,0,1,2,3,3,5,242,115,135,62,23,5
fSALeDb52G,18432,15360,10240,9216,1024,1,2,4,4,5,219,129,101,65,2,5
aZUrnSInrS,17408,15360,11264,5120,1024,2,1,4,3,5,229,110,136,80,23,5
Gj5mmQWzvD,17408,15360,11264,7168,1024,2,2,3,4,5,235,147,117,62,36,5
YudIZAGLLT,18432,15360,10240,7168,0,2,2,3,4,5,215,149,147,72,34,5
nI5UBh4nik,17408,14336,10240,6144,4096,1,2,3,3,5,229,115,149,70,12,5
i10tTs5VOU,18432,15360,11264,9216,0,1,2,3,3,5,218,132,123,95,48,5
I4N2taIX1C,18432,15360,10240,5120,0,1,1,4,3,5,232,111,102,69,16,5
8OfuXlJgk6,18432,16384,13312,7168,1024,1,2,3,4,5,246,145,116,99,10,5
uOBPP4nupg,18432,15360,10240,5120,3072,2,1,3,4,5,246,148,147,82,12,5
dZFnTwU2nI,17408,16384,11264,8192,2048,1,2,3,4,5,215,106,144,73,0,5
daKgrT4Te2,17408,14336,10240,5120,1024,2,1,4,3,5,230,105,102,65,28,5
ya3pTYNqMZ,17408,14336,10240,6144,4096,1,2,3,4,5,233,107,117,52,47,5
q9uqBdP1Jo,18432,16384,12288,5120,1024,1,2,4,3,5,245,128,107,52,14,5